    1 | B:MET   1  |    209.46    112.07        2.54     -2.10
    2 | B:ASP   2  |    138.69     69.99       -0.45     -0.13
    3 | B:VAL   3  |    123.76    114.53        1.19     -1.06
    4 | B:ASN   4  |     74.50     70.51       -0.42      0.45
    5 | B:PRO   5  |     89.63     89.52        1.43     -1.43
    6 | B:THR   6  |     82.72     67.21        0.50     -0.54
    7 | B:LEU   7  |    102.19    102.19        1.48     -1.48
    8 | B:LEU   8  |     96.46     95.79        1.49     -1.48
    9 | B:PHE   9  |     50.23     45.62        0.30     -0.24
   10 | B:LEU  10  |    144.24    108.22        1.44     -1.35
   11 | B:LYS  11  |    186.83    105.97       -0.20     -0.07
   12 | B:VAL  12  |     49.29     32.46        0.79     -0.52
   13 | B:PRO  13  |     41.81     12.56        0.66     -0.20
   14 | B:ALA  14  |     48.30     48.13        0.60     -0.60
   15 | B:GLN  15  |     26.80     24.59       -0.30      0.28
   16 | B:ASN  16  |     79.56     19.88       -0.38      0.23
   17 | B:ALA  17  |     14.74     14.23        0.24     -0.23
   18 | B:ILE  18  |     25.15     23.08        0.38     -0.37
   19 | B:SER  19  |     46.02     40.61        0.15     -0.10
   20 | B:THR  20  |     78.60     65.54        0.13     -0.05
   21 | B:THR  21  |     69.47     47.52        0.56     -0.21
   22 | B:PHE  22  |     39.47     36.36        0.31     -0.26
   23 | B:PRO  23  |    108.01    103.68        1.56     -1.52
   24 | B:TYR  24  |     40.26     11.60       -0.01     -0.02
   25 | B:THR  25  |    121.20    119.49        0.37     -0.35
   26 | B:GLY  26  |     37.31     36.65        0.57     -0.56
   27 | B:ASP  27  |    130.20    111.08       -0.39      0.42
   28 | B:PRO  28  |     30.48     20.67        0.39     -0.32
   29 | B:PRO  29  |     47.63     45.95        0.76     -0.74
   30 | B:TYR  30  |    116.72    102.49        0.70     -0.63
   31 | B:SER  31  |     26.72     11.50       -0.07      0.07
   32 | B:HIS  32  |    180.31    141.31       -0.09      0.58
   33 | B:GLY  33  |     50.78     32.55        0.33     -0.35
   34 | B:THR  34  |     32.97     32.83        0.16     -0.16
   35 | B:GLY  35  |      7.90      0.00       -0.04      0.00
   36 | B:THR  36  |      0.00      0.00        0.00      0.00
   37 | B:GLY  37  |     13.09     12.16        0.18     -0.17
   38 | B:TYR  38  |     73.42     51.35        0.31     -0.02
   39 | B:THR  39  |      0.12      0.00       -0.00      0.00
   40 | B:MET  40  |      0.00      0.00        0.00      0.00
   41 | B:ASP  41  |     53.58      0.00       -0.57      0.00
   42 | B:THR  42  |     14.35      0.00        0.10      0.00
   43 | B:VAL  43  |      0.00      0.00        0.00      0.00
   44 | B:ASN  44  |     18.30      0.00        0.10      0.00
   45 | B:ARG  45  |     60.72      0.00       -0.50      0.00
   46 | B:THR  46  |      2.16      0.00        0.02      0.00
   47 | B:HIS  47  |     17.29      0.00        0.16      0.00
   48 | B:GLN  48  |     95.65      0.00       -0.07      0.00
   49 | B:TYR  49  |     31.67      0.00        0.07      0.00
   50 | B:SER  50  |      2.58      0.00       -0.03      0.00
   51 | B:GLU  51  |    101.26      0.00       -0.59      0.00
   52 | B:LYS  52  |    102.01      0.00        0.78      0.00
   53 | B:GLY  53  |     20.90      0.00       -0.11      0.00
   54 | B:ARG  54  |    179.13     51.69       -1.94      0.72
   55 | B:TRP  55  |    128.31      0.00        1.02      0.00
   56 | B:THR  56  |     57.82      1.11        0.78      0.01
   57 | B:THR  57  |     99.86      0.12        0.25      0.00
   58 | B:ASN  58  |     26.11     22.98       -0.10      0.09
   59 | B:THR  59  |    129.56     28.91        0.80      0.10
   60 | B:GLU  60  |     92.29     75.04       -0.22      0.05
   61 | B:THR  61  |      1.63      1.51        0.02     -0.02
   62 | B:GLY  62  |     21.76      0.00        0.06      0.00
   63 | B:ALA  63  |      0.50      0.00        0.01      0.00
   64 | B:PRO  64  |     28.74      0.00        0.46      0.00
   65 | B:GLN  65  |     13.08      9.90       -0.13      0.11
   66 | B:LEU  66  |      0.00      0.00        0.00      0.00
   67 | B:ASN  67  |     41.72     31.05       -0.25      0.22
   68 | B:PRO  68  |      0.00      0.00        0.00      0.00
   69 | B:ILE  69  |     25.40     24.17        0.07     -0.08
   70 | B:ASP  70  |     86.13     39.85       -0.21     -0.09
   71 | B:GLY  71  |     16.84      0.12        0.15      0.00
   72 | B:PRO  72  |     58.51      0.00        0.92      0.00
   73 | B:LEU  73  |    106.23     70.32        1.55     -1.13
   74 | B:PRO  74  |     28.74     24.39        0.06      0.01
   75 | B:GLU  75  |    156.07     53.54       -0.28      0.38
   76 | B:ASP  76  |     84.46      8.59       -0.06     -0.06
   77 | B:ASN  77  |     83.55     40.49       -0.54      0.48
   78 | B:GLU  78  |    102.95      0.00       -0.20      0.00
   79 | B:PRO  79  |     37.76      0.00        0.32      0.00
   80 | B:SER  80  |      3.01      0.00        0.05      0.00
   81 | B:GLY  81  |      2.53      0.00        0.02      0.00
   82 | B:TYR  82  |      8.88      0.00        0.06      0.00
   83 | B:ALA  83  |      2.68      0.00        0.04      0.00
   84 | B:GLN  84  |     22.68     22.24       -0.18      0.17
   85 | B:THR  85  |     31.28     27.10        0.25     -0.18
   86 | B:ASP  86  |    100.90     67.56       -0.34     -0.05
   87 | B:CYS  87  |     40.07     40.07        1.28     -1.28
   88 | B:VAL  88  |      0.00      0.00        0.00      0.00
   89 | B:LEU  89  |     62.49     62.49        0.99     -0.99
   90 | B:GLU  90  |     96.20     92.87       -0.47      0.44
   91 | B:ALA  91  |      2.07      1.09       -0.01     -0.00
   92 | B:MET  92  |      0.00      0.00        0.00      0.00
   93 | B:ALA  93  |     35.81     28.60        0.48     -0.46
   94 | B:PHE  94  |     54.60     17.85        0.87     -0.29
   95 | B:LEU  95  |      1.09      0.00       -0.00      0.00
   96 | B:GLU  96  |     60.96      0.00       -0.67      0.00
   97 | B:GLU  97  |     76.52      1.60        0.02      0.03
   98 | B:SER  98  |     26.34      0.00       -0.20      0.00
   99 | B:HIS  99  |     47.04      0.00       -0.02      0.00
  100 | B:PRO 100  |    109.21      0.00        1.16      0.00
  101 | B:GLY 101  |     31.70      0.00        0.35      0.00
  102 | B:ILE 102  |      5.18      0.00        0.08      0.00
  103 | B:PHE 103  |      9.90      0.00        0.15      0.00
  104 | B:GLU 104  |     73.72      0.00        0.48      0.00
  105 | B:ASN 105  |     73.97      0.00       -0.42      0.00
  106 | B:SER 106  |      0.00      0.00        0.00      0.00
  107 | B:CYS 107  |      0.66      0.00        0.03      0.00
  108 | B:LEU 108  |    109.11      0.00        1.65      0.00
  109 | B:GLU 109  |     98.26      0.00       -0.66      0.00
  110 | B:THR 110  |      0.00      0.00        0.00      0.00
  111 | B:MET 111  |     31.37      0.00        1.11      0.00
  112 | B:GLU 112  |    100.45      0.00       -0.05      0.00
  113 | B:VAL 113  |     43.98      0.00        0.70      0.00
  114 | B:VAL 114  |      0.66      0.00       -0.00      0.00
  115 | B:GLN 115  |     90.92     18.36       -0.67      0.27
  116 | B:GLN 116  |    119.39      0.00       -0.68      0.00
  117 | B:THR 117  |     14.58      0.00        0.11      0.00
  118 | B:ARG 118  |     79.35     19.58       -0.87      0.41
  119 | B:VAL 119  |     10.36      8.87        0.16     -0.14
  120 | B:ASP 120  |     47.58     27.24        0.17     -0.38
  121 | B:LYS 121  |     73.47      0.00       -0.66      0.00
  122 | B:LEU 122  |      6.39      0.00        0.09      0.00
  123 | B:THR 123  |     49.42     42.07        0.28     -0.37
  124 | B:GLN 124  |     85.26      5.46       -0.07     -0.09
  125 | B:GLY 125  |     44.57      7.00        0.00      0.08
  126 | B:ARG 126  |    144.31      0.00        0.26      0.00
  127 | B:GLN 127  |     77.81     39.04        0.17      0.16
  128 | B:THR 128  |      0.00      0.00        0.00      0.00
  129 | B:TYR 129  |      7.73      0.00        0.03      0.00
  130 | B:ASP 130  |      1.34      0.00        0.02      0.00
  131 | B:TRP 131  |      2.14      0.00        0.03      0.00
  132 | B:THR 132  |     10.14      0.00        0.02      0.00
  133 | B:LEU 133  |     38.06      0.00        0.27      0.00
  134 | B:ASN 134  |     59.51      0.00       -0.25      0.00
  135 | B:ARG 135  |    111.87     46.19       -2.04      0.69
  136 | B:ASN 136  |     38.85      9.38        0.12     -0.01
  137 | B:GLN 137  |     28.17     17.25       -0.32      0.20
  138 | B:PRO 138  |     63.41     46.50        1.01     -0.74
  139 | B:ALA 139  |      3.02      0.00       -0.01      0.00
  140 | B:ALA 140  |     52.97     48.35        0.73     -0.70
  141 | B:THR 141  |     36.95     36.95        0.10     -0.10
  142 | B:ALA 142  |      0.17      0.00        0.00      0.00
  143 | B:LEU 143  |      7.36      7.36        0.12     -0.12
  144 | B:ALA 144  |     58.72     41.47        0.85     -0.66
  145 | B:ASN 145  |     35.25     11.30       -0.37      0.11
  146 | B:THR 146  |      0.37      0.00       -0.00      0.00
  147 | B:ILE 147  |     40.95     33.29        0.66     -0.53
  148 | B:GLU 148  |     95.98      0.00       -0.43      0.00
  149 | B:VAL 149  |     11.88      0.00        0.19      0.00
  150 | B:PHE 150  |      0.00      0.00        0.00      0.00
  151 | B:ARG 151  |    142.36     70.19       -1.11      0.56
  152 | B:SER 152  |     77.79      0.00        0.01      0.00
  153 | B:ASN 153  |     19.60      0.00       -0.02      0.00
  154 | B:GLY 154  |     53.41      0.00        0.17      0.00
  155 | B:LEU 155  |      9.23      0.00        0.15      0.00
  156 | B:THR 156  |     51.62      1.86       -0.05      0.02
  157 | B:ALA 157  |     46.51      8.75        0.65     -0.12
  158 | B:ASN 158  |      8.17      5.84       -0.10      0.06
  159 | B:GLU 159  |    112.32     54.27       -0.35     -0.17
  160 | B:SER 160  |     33.85     29.22       -0.00     -0.04
  161 | B:GLY 161  |     20.77     19.93        0.33     -0.32
  162 | B:ARG 162  |     71.48     44.83       -1.01      0.75
  163 | B:LEU 163  |      0.29      0.00       -0.00      0.00
  164 | B:ILE 164  |     21.83     20.82        0.35     -0.33
  165 | B:ASP 165  |     17.72     10.75       -0.15      0.14
  166 | B:PHE 166  |      0.00      0.00        0.00      0.00
  167 | B:LEU 167  |      4.94      4.94        0.08     -0.08
  168 | B:LYS 168  |    116.45     63.03       -0.58      0.71
  169 | B:ASP 169  |      1.72      0.00       -0.03      0.00
  170 | B:VAL 170  |      0.34      0.00        0.01      0.00
  171 | B:MET 171  |     95.94     79.69        2.50     -2.21
  172 | B:GLU 172  |     97.27      0.00       -0.32      0.00
  173 | B:SER 173  |      0.49      0.00       -0.01      0.00
  174 | B:MET 174  |     36.55     35.21        0.82     -0.80
  175 | B:ASP 175  |    114.98     35.11       -0.55     -0.19
  176 | B:LYS 176  |     58.84      0.00       -0.74      0.00
  177 | B:GLU 177  |    113.47      0.00       -0.03      0.00
  178 | B:GLU 178  |     99.71      0.00       -0.43      0.00
  179 | B:MET 179  |      2.50      0.00        0.01      0.00
  180 | B:GLU 180  |     47.12      0.00        0.15      0.00
  181 | B:ILE 181  |      4.59      0.00        0.04      0.00
  182 | B:THR 182  |     66.14      0.00        0.29      0.00
  183 | B:THR 183  |     38.41      0.00        0.06      0.00
  184 | B:HIS 184  |     52.56      0.00       -0.74      0.00
  185 | B:PHE 185  |    111.16      0.00        1.78      0.00
  186 | B:GLN 186  |    150.80      0.00        0.02      0.00
  187 | B:ILE 205  |    108.30      0.00        0.14      0.00
  188 | B:GLY 206  |     38.46      0.00        0.48      0.00
  189 | B:LYS 207  |    145.84      0.00       -0.98      0.00
  190 | B:LYS 208  |    106.33      0.00       -0.14      0.00
  191 | B:LYS 209  |    156.57      0.00       -0.38      0.00
  192 | B:GLN 210  |     63.92      0.00       -0.12      0.00
  193 | B:ARG 211  |    140.61      0.00       -1.55      0.00
  194 | B:LEU 212  |     11.03      0.00        0.18      0.00
  195 | B:ASN 213  |     86.77      0.00       -0.02      0.00
  196 | B:LYS 214  |     70.76     19.09       -0.48      0.32
  197 | B:ARG 215  |    100.44      0.00       -0.26      0.00
  198 | B:SER 216  |     34.40      0.00       -0.01      0.00
  199 | B:TYR 217  |      2.24      0.00        0.04      0.00
  200 | B:LEU 218  |     18.29     16.30        0.29     -0.26
  201 | B:ILE 219  |      8.86      0.00        0.14      0.00
  202 | B:ARG 220  |     65.51      0.00       -1.01      0.00
  203 | B:ALA 221  |      1.22      0.00       -0.01      0.00
  204 | B:LEU 222  |     10.55     10.55        0.17     -0.17
  205 | B:THR 223  |      5.92      0.00        0.06      0.00
  206 | B:LEU 224  |      0.00      0.00        0.00      0.00
  207 | B:ASN 225  |     24.03      0.00       -0.31      0.00
  208 | B:THR 226  |     10.68      0.00       -0.12      0.00
  209 | B:MET 227  |     60.77     14.39        1.67     -0.59
  210 | B:THR 228  |     21.54      0.12       -0.14      0.00
  211 | B:LYS 229  |     56.44      0.00       -0.27      0.00
  212 | B:ASP 230  |     71.26      1.50       -0.43     -0.01
  213 | B:ALA 231  |     56.39      0.00        0.30      0.00
  214 | B:GLU 232  |     11.18      0.00        0.18      0.00
  215 | B:ARG 233  |     73.94     22.13       -0.41     -0.80
  216 | B:GLY 234  |     72.81     54.77        0.25     -0.16
  217 | B:LYS 235  |     98.53     12.72       -0.58      0.02
  218 | B:LEU 236  |    168.26    134.21        2.05     -1.84
  219 | B:LYS 237  |    148.02     60.24        0.40      0.72
  220 | B:ARG 238  |     35.38     23.30       -0.58      0.36
  221 | B:ARG 239  |     79.24      0.00       -0.67      0.00
  222 | B:ALA 240  |      7.37      0.00       -0.08      0.00
  223 | B:ILE 241  |     39.41      2.34        0.63     -0.04
  224 | B:ALA 242  |      9.21      0.00       -0.11      0.00
  225 | B:THR 243  |      2.35      0.00        0.04      0.00
  226 | B:PRO 244  |      7.70      0.00        0.12      0.00
  227 | B:GLY 245  |      5.36      0.00        0.09      0.00
  228 | B:MET 246  |      1.58      0.00        0.01      0.00
  229 | B:GLN 247  |      0.93      0.00       -0.01      0.00
  230 | B:ILE 248  |      0.00      0.00        0.00      0.00
  231 | B:ARG 249  |     41.14      0.00       -0.78      0.00
  232 | B:GLY 250  |      0.00      0.00        0.00      0.00
  233 | B:PHE 251  |      2.76      2.60        0.04     -0.04
  234 | B:VAL 252  |     19.91      0.00        0.32      0.00
  235 | B:TYR 253  |     55.43      0.00        0.49      0.00
  236 | B:PHE 254  |      0.00      0.00        0.00      0.00
  237 | B:VAL 255  |      0.24      0.00       -0.00      0.00
  238 | B:GLU 256  |     28.09      0.00        0.42      0.00
  239 | B:THR 257  |     12.36      0.00        0.17      0.00
  240 | B:LEU 258  |      1.52      0.00        0.02      0.00
  241 | B:ALA 259  |      0.81      0.00        0.01      0.00
  242 | B:ARG 260  |     96.06      0.00       -0.95      0.00
  243 | B:SER 261  |     13.54      0.00        0.14      0.00
  244 | B:ILE 262  |      0.00      0.00        0.00      0.00
  245 | B:CYS 263  |      0.12      0.00       -0.00      0.00
  246 | B:GLU 264  |    120.62      0.00       -0.69      0.00
  247 | B:LYS 265  |     89.15      0.00       -0.40      0.00
  248 | B:LEU 266  |      2.54      0.00        0.01      0.00
  249 | B:GLU 267  |     94.48      0.00        0.10      0.00
  250 | B:GLN 268  |     16.32      0.00       -0.12      0.00
  251 | B:SER 269  |      0.00      0.00        0.00      0.00
  252 | B:GLY 270  |      0.00      0.00        0.00      0.00
  253 | B:LEU 271  |     33.55      0.00        0.21      0.00
  254 | B:PRO 272  |     34.14      0.00       -0.20      0.00
  255 | B:VAL 273  |     30.70      0.00        0.20      0.00
  256 | B:GLY 274  |     44.07      0.00        0.52      0.00
  257 | B:GLY 275  |     34.65      0.00        0.14      0.00
  258 | B:ASN 276  |     90.02     67.43       -0.11     -0.14
  259 | B:GLU 277  |     83.49     41.25       -0.07     -0.38
  260 | B:LYS 278  |     22.93      0.00       -0.78      0.00
  261 | B:LYS 279  |     35.73     20.82       -0.25     -0.10
  262 | B:ALA 280  |     54.09     28.58        0.81     -0.43
  263 | B:LYS 281  |     32.82      0.00        0.29      0.00
  264 | B:LEU 282  |      4.35      0.00        0.07      0.00
  265 | B:ALA 283  |     39.85      0.84        0.56     -0.01
  266 | B:ASN 284  |     74.96      0.00       -0.70      0.00
  267 | B:VAL 285  |      5.19      0.00        0.08      0.00
  268 | B:VAL 286  |      8.20      0.00        0.13      0.00
  269 | B:ARG 287  |    121.06     35.71       -0.51     -0.22
  270 | B:LYS 288  |     80.51      0.00       -0.78      0.00
  271 | B:MET 289  |      1.72      0.00        0.03      0.00
  272 | B:MET 290  |     80.55      2.01        1.71     -0.03
  273 | B:THR 291  |     92.95     65.06        0.82     -0.41
  274 | B:ASN 292  |     89.77     27.83       -0.18      0.22
  275 | B:SER 293  |     16.29      3.22        0.07      0.03
  276 | B:GLN 294  |    105.38      6.18        0.14     -0.10
  277 | B:ASP 295  |    135.31     71.65       -0.26      0.08
  278 | B:THR 296  |     95.77      0.00        0.37      0.00
  279 | B:GLU 297  |     40.22      0.00       -0.05      0.00
  280 | B:LEU 298  |     28.11      0.00        0.45      0.00
  281 | B:SER 299  |      5.55      0.00       -0.01      0.00
  282 | B:PHE 300  |     28.58     19.20        0.46     -0.31
  283 | B:THR 301  |      0.00      0.00        0.00      0.00
  284 | B:ILE 302  |      3.69      3.69        0.06     -0.06
  285 | B:THR 303  |      9.49      0.00       -0.06      0.00
  286 | B:GLY 304  |      6.66      0.00       -0.02      0.00
  287 | B:ASP 305  |     33.63      0.00        0.07      0.00
  288 | B:ASN 306  |      5.83      0.00       -0.07      0.00
  289 | B:THR 307  |     20.51      0.00        0.29      0.00
  290 | B:LYS 308  |     67.95      0.00       -1.33      0.00
  291 | B:TRP 309  |     15.98      0.00        0.07      0.00
  292 | B:ASN 310  |     21.26      0.00       -0.18      0.00
  293 | B:GLU 311  |     12.39      0.00       -0.01      0.00
  294 | B:ASN 312  |      4.31      0.00        0.01      0.00
  295 | B:GLN 313  |      7.55      0.00        0.02      0.00
  296 | B:ASN 314  |      4.32      0.00       -0.03      0.00
  297 | B:PRO 315  |      0.12      0.00       -0.00      0.00
  298 | B:ARG 316  |     52.86     45.32       -0.64      0.39
  299 | B:MET 317  |     13.88      7.43        0.22     -0.12
  300 | B:PHE 318  |      2.03      0.00        0.03      0.00
  301 | B:LEU 319  |     54.20     53.04        0.87     -0.85
  302 | B:ALA 320  |     18.20     18.20        0.27     -0.27
  303 | B:MET 321  |      0.00      0.00        0.00      0.00
  304 | B:ILE 322  |      0.50      0.00        0.01      0.00
  305 | B:THR 323  |     57.67     56.54        0.69     -0.67
  306 | B:TYR 324  |     34.56     26.95        0.21     -0.30
  307 | B:ILE 325  |      3.44      0.00       -0.04      0.00
  308 | B:THR 326  |      0.12      0.00       -0.00      0.00
  309 | B:ARG 327  |     83.97     33.50       -0.83     -0.37
  310 | B:ASN 328  |    124.43      5.56       -0.48      0.08
  311 | B:GLN 329  |     35.26      0.00       -0.22      0.00
  312 | B:PRO 330  |     54.33      3.48        0.86     -0.06
  313 | B:GLU 331  |    129.07     22.86       -0.48     -0.10
  314 | B:TRP 332  |     93.72     76.08        0.95     -0.80
  315 | B:PHE 333  |      0.00      0.00        0.00      0.00
  316 | B:ARG 334  |     70.17     50.03       -1.47      0.93
  317 | B:ASN 335  |     77.43     71.28       -0.35      0.27
  318 | B:VAL 336  |     13.32     13.32        0.20     -0.20
  319 | B:LEU 337  |      0.00      0.00        0.00      0.00
  320 | B:SER 338  |     16.81     16.07        0.08     -0.09
  321 | B:ILE 339  |     26.28     26.28        0.42     -0.42
  322 | B:ALA 340  |      0.00      0.00        0.00      0.00
  323 | B:PRO 341  |      0.68      0.68        0.00     -0.00
  324 | B:ILE 342  |     76.22     76.22        1.22     -1.22
  325 | B:MET 343  |     14.22     14.06        0.23     -0.22
  326 | B:PHE 344  |      0.00      0.00        0.00      0.00
  327 | B:SER 345  |     11.66     11.66        0.07     -0.07
  328 | B:ASN 346  |     27.90     26.62       -0.19      0.20
  329 | B:LYS 347  |      0.25      0.00       -0.00      0.00
  330 | B:MET 348  |      1.16      0.00        0.05      0.00
  331 | B:ALA 349  |      0.00      0.00        0.00      0.00
  332 | B:ARG 350  |     34.00      0.00       -0.69      0.00
  333 | B:LEU 351  |      1.81      0.00       -0.01      0.00
  334 | B:GLY 352  |     20.73      0.00       -0.02      0.00
  335 | B:LYS 353  |    131.63      0.50       -0.59     -0.01
  336 | B:GLY 354  |      0.00      0.00        0.00      0.00
  337 | B:TYR 355  |     33.33     33.33        0.46     -0.47
  338 | B:MET 356  |    104.57    104.57        1.31     -1.16
  339 | B:PHE 357  |     39.65     39.65        0.63     -0.63
  340 | B:GLU 358  |    131.94    130.75       -0.95      1.05
  341 | B:SER 359  |     39.59     38.67        0.17     -0.17
  342 | B:LYS 360  |    165.98     38.60       -0.01      0.66
  343 | B:SER 361  |     98.19     26.62        0.25     -0.36
  344 | B:MET 362  |    135.87     17.05        2.77     -0.27
  345 | B:LYS 363  |    173.12     59.61        0.55     -0.55
  346 | B:LEU 364  |     95.46     72.03        1.45     -1.08
  347 | B:ARG 365  |    185.85    185.85       -2.43      1.40
  348 | B:THR 366  |     64.75     64.75        0.63     -0.63
  349 | B:GLN 367  |     78.73     21.46        0.26     -0.08
  350 | B:ILE 368  |     10.72     10.72        0.17     -0.17
  351 | B:PRO 369  |     64.17      0.17        1.03     -0.00
  352 | B:ALA 370  |      3.69      0.00        0.02      0.00
  353 | B:GLU 371  |     77.29      0.00        0.40      0.00
  354 | B:MET 372  |     88.13     30.80        2.45     -0.84
  355 | B:LEU 373  |      0.17      0.00        0.00      0.00
  356 | B:ALA 374  |     55.07      0.00        0.43      0.00
  357 | B:SER 375  |     99.08      0.00        0.08      0.00
  358 | B:ILE 376  |     16.29      8.19        0.24     -0.13
  359 | B:ASP 377  |     85.74      0.00       -0.37      0.00
  360 | B:LEU 378  |     24.12      0.00        0.30      0.00
  361 | B:LYS 379  |    135.02     30.04       -0.28      0.80
  362 | B:TYR 380  |    105.94     94.50        0.31     -0.39
  363 | B:PHE 381  |     19.27      7.54        0.07     -0.12
  364 | B:ASN 382  |     99.96     55.03        0.05      0.49
  365 | B:ASP 383  |    110.89      0.00       -0.42      0.00
  366 | B:SER 384  |     66.16      0.00        0.41      0.00
  367 | B:THR 385  |     13.28     13.28       -0.11      0.11
  368 | B:ARG 386  |     91.82      0.00       -1.31      0.00
  369 | B:LYS 387  |    122.51      0.00       -0.12      0.00
  370 | B:LYS 388  |     41.55      9.07       -0.37      0.34
  371 | B:ILE 389  |      0.17      0.00        0.00      0.00
  372 | B:GLU 390  |    102.29      0.00       -0.61      0.00
  373 | B:LYS 391  |    123.34      0.00       -0.29      0.00
  374 | B:ILE 392  |      0.50      0.00        0.01      0.00
  375 | B:ARG 393  |     71.31      0.00       -0.94      0.00
  376 | B:PRO 394  |     91.24      0.00        1.12      0.00
  377 | B:LEU 395  |     10.70      0.00        0.17      0.00
  378 | B:LEU 396  |     19.44      0.00       -0.11      0.00
  379 | B:ILE 397  |     41.84      0.00        0.67      0.00
  380 | B:ASP 398  |    111.95      0.00       -0.39      0.00
  381 | B:GLY 399  |     10.85      0.00       -0.04      0.00
  382 | B:THR 400  |      3.19      0.00        0.05      0.00
  383 | B:ALA 401  |      0.00      0.00        0.00      0.00
  384 | B:SER 402  |      1.50      0.00        0.02      0.00
  385 | B:LEU 403  |      2.35      0.00        0.04      0.00
  386 | B:SER 404  |      0.84      0.00        0.01      0.00
  387 | B:PRO 405  |      2.58      0.00       -0.03      0.00
  388 | B:GLY 406  |      0.66      0.00       -0.00      0.00
  389 | B:MET 407  |      6.06      0.00        0.01      0.00
  390 | B:MET 408  |      5.85      0.00        0.09      0.00
  391 | B:MET 409  |     59.10      0.00        0.57      0.00
  392 | B:GLY 410  |     28.92      0.00        0.07      0.00
  393 | B:MET 411  |     26.78      0.00        0.38      0.00
  394 | B:PHE 412  |      3.83      0.00       -0.04      0.00
  395 | B:ASN 413  |     45.84      0.00       -0.21      0.00
  396 | B:MET 414  |     33.29      0.00        0.53      0.00
  397 | B:LEU 415  |      1.33      0.00        0.02      0.00
  398 | B:SER 416  |      2.14      0.00        0.03      0.00
  399 | B:THR 417  |      0.00      0.00        0.00      0.00
  400 | B:VAL 418  |      0.00      0.00        0.00      0.00
  401 | B:LEU 419  |      1.67      0.00        0.03      0.00
  402 | B:GLY 420  |      0.00      0.00        0.00      0.00
  403 | B:VAL 421  |      0.31      0.00        0.00      0.00
  404 | B:SER 422  |      2.04      0.00       -0.01      0.00
  405 | B:ILE 423  |      3.34      0.00        0.05      0.00
  406 | B:LEU 424  |      2.28      0.00        0.01      0.00
  407 | B:ASN 425  |      1.57      0.00        0.03      0.00
  408 | B:LEU 426  |     36.23     19.74        0.51     -0.32
  409 | B:GLY 427  |      0.00      0.00        0.00      0.00
  410 | B:GLN 428  |     71.83      0.00       -0.39      0.00
  411 | B:LYS 429  |    101.77      0.00       -0.77      0.00
  412 | B:ARG 430  |    137.70      0.00       -1.33      0.00
  413 | B:TYR 431  |     20.20      0.74        0.23      0.01
  414 | B:THR 432  |      3.66      0.00       -0.02      0.00
  415 | B:LYS 433  |    159.79     24.70        0.64      0.24
  416 | B:THR 434  |     58.68      0.00        0.52      0.00
  417 | B:THR 435  |     84.39      0.00        0.93      0.00
  418 | B:TYR 436  |     17.59      0.00       -0.01      0.00
  419 | B:TRP 437  |     54.97      0.00        0.72      0.00
  420 | B:TRP 438  |      3.79      0.00        0.03      0.00
  421 | B:ASP 439  |     19.44      0.00       -0.15      0.00
  422 | B:GLY 440  |      0.00      0.00        0.00      0.00
  423 | B:LEU 441  |      0.46      0.00       -0.00      0.00
  424 | B:GLN 442  |      9.81      0.00       -0.12      0.00
  425 | B:SER 443  |      7.51      0.00       -0.01      0.00
  426 | B:SER 444  |     26.37      0.00       -0.21      0.00
  427 | B:ASP 445  |     48.83      0.00       -0.11      0.00
  428 | B:ASP 446  |     29.80      0.00        0.19      0.00
  429 | B:PHE 447  |      5.74      0.00        0.05      0.00
  430 | B:ALA 448  |      0.34      0.00        0.01      0.00
  431 | B:LEU 449  |      0.00      0.00        0.00      0.00
  432 | B:ILE 450  |      3.14      0.00        0.05      0.00
  433 | B:VAL 451  |      0.00      0.00        0.00      0.00
  434 | B:ASN 452  |      0.63      0.00        0.01      0.00
  435 | B:ALA 453  |      0.67      0.00        0.01      0.00
  436 | B:PRO 454  |     51.64      0.00        0.59      0.00
  437 | B:ASN 455  |     85.83      0.00       -0.82      0.00
  438 | B:HIS 456  |    113.80     18.09        0.36     -0.46
  439 | B:GLU 457  |    129.40      0.00        0.36      0.00
  440 | B:GLY 458  |     12.85      0.00        0.14      0.00
  441 | B:ILE 459  |     10.03      5.51        0.16     -0.09
  442 | B:GLN 460  |    101.77     58.67       -0.14      0.55
  443 | B:ALA 461  |     43.87      0.00        0.63      0.00
  444 | B:GLY 462  |      0.00      0.00        0.00      0.00
  445 | B:VAL 463  |     22.37     22.37        0.36     -0.36
  446 | B:ASP 464  |     69.39     41.20       -0.42      0.28
  447 | B:ARG 465  |     89.55     43.33       -1.31      0.69
  448 | B:PHE 466  |      6.25      0.00        0.10      0.00
  449 | B:TYR 467  |     24.46     21.48        0.31     -0.34
  450 | B:ARG 468  |    173.08    155.54       -2.21      1.74
  451 | B:THR 469  |     26.85     22.18        0.42     -0.35
  452 | B:CYS 470  |      4.81      0.00        0.18      0.00
  453 | B:LYS 471  |     17.35     16.23        0.24     -0.26
  454 | B:LEU 472  |     53.48     52.48        0.86     -0.84
  455 | B:LEU 473  |      9.15      5.02        0.08     -0.08
  456 | B:GLY 474  |      0.98      0.00       -0.01      0.00
  457 | B:ILE 475  |      4.64      0.00        0.07      0.00
  458 | B:ASN 476  |      6.94      0.00        0.05      0.00
  459 | B:MET 477  |     25.33     16.55        0.19     -0.26
  460 | B:SER 478  |      2.18      0.00        0.03      0.00
  461 | B:LYS 479  |    117.14     83.19       -0.19      0.08
  462 | B:LYS 480  |    170.95     88.55        0.22     -0.65
  463 | B:LYS 481  |    115.93     56.91        0.70     -0.65
  464 | B:SER 482  |     18.44     14.41       -0.19      0.15
  465 | B:TYR 483  |    128.26    119.13        1.31     -1.26
  466 | B:ILE 484  |     74.96     73.12        0.61     -0.58
  467 | B:ASN 485  |     38.20     37.33        0.45     -0.46
  468 | B:ARG 486  |    143.22     70.90       -1.02     -0.48
  469 | B:THR 487  |     16.06      2.77       -0.12      0.03
  470 | B:GLY 488  |      5.02      0.34        0.08     -0.01
  471 | B:THR 489  |     30.49     24.78        0.33     -0.24
  472 | B:PHE 490  |      3.51      0.00        0.05      0.00
  473 | B:GLU 491  |     49.51      9.17       -0.44      0.02
  474 | B:PHE 492  |      2.47      0.00        0.04      0.00
  475 | B:THR 493  |     54.48      0.00        0.79      0.00
  476 | B:SER 494  |     24.18      1.00        0.26     -0.02
  477 | B:PHE 495  |     38.63      0.00        0.62      0.00
  478 | B:PHE 496  |     28.13     23.29        0.44     -0.37
  479 | B:TYR 497  |     21.72      0.00       -0.20      0.00
  480 | B:ARG 498  |     85.09     43.49       -1.92      0.95
  481 | B:TYR 499  |    164.06    103.62        0.73     -0.51
  482 | B:GLY 500  |     28.13      1.84        0.44     -0.03
  483 | B:PHE 501  |     55.34     18.23        0.02     -0.29
  484 | B:VAL 502  |     38.88      0.00        0.47      0.00
  485 | B:ALA 503  |     35.15      5.63        0.14     -0.09
  486 | B:ASN 504  |     12.98      0.61        0.14      0.01
  487 | B:PHE 505  |     46.77     45.61        0.72     -0.73
  488 | B:SER 506  |      4.84      4.84       -0.05      0.05
  489 | B:MET 507  |     85.02      0.00        0.94      0.00
  490 | B:GLU 508  |     60.39      0.00       -0.63      0.00
  491 | B:LEU 509  |     56.32     56.32        0.70     -0.70
  492 | B:PRO 510  |     86.02     34.45        0.63     -0.34
  493 | B:SER 511  |     47.36      0.00        0.59      0.00
  494 | B:PHE 512  |     36.15     24.54        0.28     -0.28
  495 | B:GLY 513  |     29.30     17.02        0.27     -0.21
  496 | B:VAL 514  |     38.40     38.40        0.17     -0.25
  497 | B:SER 515  |     57.58     25.51       -0.24      0.28
  498 | B:GLY 516  |     48.32     41.44        0.05     -0.12
  499 | B:ILE 517  |     73.27     15.28        1.12     -0.19
  500 | B:ASN 518  |     13.92      0.00       -0.15      0.00
  501 | B:GLU 519  |      0.98      0.98       -0.02     -0.22
  502 | B:SER 520  |     20.34      0.00        0.13      0.00
  503 | B:ALA 521  |      1.38      0.00        0.01      0.00
  504 | B:ASP 522  |      0.25      0.00       -0.00      0.00
  505 | B:MET 523  |      8.03      0.00        0.13      0.00
  506 | B:SER 524  |      7.21      0.00       -0.02      0.00
  507 | B:ILE 525  |     10.83      0.00        0.17      0.00
  508 | B:GLY 526  |      4.00      0.00        0.04      0.00
  509 | B:VAL 527  |      3.91      0.00        0.06      0.00
  510 | B:THR 528  |     14.04      0.00        0.22      0.00
  511 | B:VAL 529  |      5.02      0.00        0.08      0.00
  512 | B:ILE 530  |      2.84      0.00        0.05      0.00
  513 | B:LYS 531  |     59.65     25.01       -1.21      0.07
  514 | B:ASN 532  |     50.49      0.00       -0.29      0.00
  515 | B:ASN 533  |      5.06      0.00       -0.06      0.00
  516 | B:MET 534  |     46.17     36.58        0.38     -0.42
  517 | B:ILE 535  |    118.89    110.15        1.37     -1.23
  518 | B:ASN 536  |     66.00     27.94       -0.56      0.31
  519 | B:ASN 537  |     27.29      0.94       -0.32      0.01
  520 | B:ASP 538  |    104.66     56.61       -0.43     -0.02
  521 | B:LEU 539  |     15.72      9.21        0.05     -0.12
  522 | B:GLY 540  |     25.22     22.62        0.28     -0.29
  523 | B:PRO 541  |     84.28     84.28        1.35     -1.35
  524 | B:ALA 542  |     78.14     77.71        1.10     -1.10
  525 | B:THR 543  |     64.71     63.88        0.23     -0.22
  526 | B:ALA 544  |      0.00      0.00        0.00      0.00
  527 | B:GLN 545  |     74.19     74.19       -0.55      0.55
  528 | B:MET 546  |    115.97    113.13        2.75     -2.69
  529 | B:ALA 547  |     12.27     10.75        0.14     -0.15
  530 | B:LEU 548  |      5.52      5.02        0.09     -0.08
  531 | B:GLN 549  |    122.33    112.35       -0.66      0.56
  532 | B:LEU 550  |    107.34     96.91        1.63     -1.50
  533 | B:PHE 551  |      4.13      0.00        0.03      0.00
  534 | B:ILE 552  |     11.96     11.29        0.19     -0.18
  535 | B:LYS 553  |    124.98    106.43       -0.27     -0.22
  536 | B:ASP 554  |     58.69     46.49       -0.11      0.23
  537 | B:TYR 555  |      0.74      0.00       -0.01      0.00
  538 | B:ARG 556  |     26.88     16.42       -0.04      0.13
  539 | B:TYR 557  |    129.18     57.14        0.86     -0.11
  540 | B:THR 558  |     53.57     46.81        0.43     -0.39
  541 | B:TYR 559  |     28.41     28.41        0.31     -0.31
  542 | B:ARG 560  |     98.47     89.70       -1.90      1.84
  543 | B:CYS 561  |      0.00      0.00        0.00      0.00
  544 | B:HIS 562  |     21.57      0.00       -0.23      0.00
  545 | B:ARG 563  |    101.44     27.86       -1.31      0.49
  546 | B:GLY 564  |      5.54      0.00       -0.05      0.00
  547 | B:ASP 565  |     72.10      0.13       -0.01      0.00
  548 | B:THR 566  |     45.91     10.11        0.64     -0.16
  549 | B:GLN 567  |    154.13     48.59        0.02      0.24
  550 | B:ILE 568  |     72.79     48.13        1.13     -0.77
  551 | B:GLN 569  |    168.37     50.14       -0.54     -0.29
  552 | B:THR 570  |     45.78     15.96        0.30     -0.10
  553 | B:ARG 571  |    206.44    132.26       -1.68      0.90
  554 | B:ARG 572  |     76.82     76.17       -0.47      0.48
  555 | B:SER 573  |      9.10      0.00        0.10      0.00
  556 | B:PHE 574  |    136.45     88.71        2.14     -1.41
  557 | B:GLU 575  |    116.44    116.44       -0.14     -0.09
  558 | B:ILE 576  |      8.53      5.68        0.14     -0.09
  559 | B:LYS 577  |     55.58      0.00        0.64      0.00
  560 | B:LYS 578  |     85.19     21.42        0.45     -0.34
  561 | B:LEU 579  |     43.53     40.69        0.68     -0.63
  562 | B:TRP 580  |     34.51      0.00        0.20      0.00
  563 | B:GLU 581  |    120.36      0.00       -0.22      0.00
  564 | B:GLN 582  |    124.06     40.57       -0.24      0.47
  565 | B:THR 583  |      9.15      0.00        0.01      0.00
  566 | B:ARG 584  |    162.11      0.00        0.20      0.00
  567 | B:SER 585  |     40.70      0.00        0.64      0.00
  568 | B:LYS 586  |     70.39      0.00       -0.03      0.00
  569 | B:ALA 587  |     34.07      0.00        0.46      0.00
  570 | B:GLY 588  |      1.10      0.00        0.02      0.00
  571 | B:LEU 589  |      0.00      0.00        0.00      0.00
  572 | B:LEU 590  |      7.19      0.00        0.12      0.00
  573 | B:VAL 591  |      0.29      0.00       -0.00      0.00
  574 | B:SER 592  |      6.49      0.00       -0.07      0.00
  575 | B:ASP 593  |     14.86     14.74       -0.20      0.03
  576 | B:GLY 594  |      0.00      0.00        0.00      0.00
  577 | B:GLY 595  |      0.00      0.00        0.00      0.00
  578 | B:PRO 596  |     15.73      0.67        0.25     -0.01
  579 | B:ASN 597  |     54.78     52.69       -0.27      0.25
  580 | B:LEU 598  |     57.08     13.36        0.83     -0.16
  581 | B:TYR 599  |     14.15     13.66       -0.16      0.16
  582 | B:ASN 600  |     55.51     55.51       -0.44      0.44
  583 | B:ILE 601  |     63.50     63.50        0.77     -0.80
  584 | B:ARG 602  |    172.58    142.92       -1.12     -0.16
  585 | B:ASN 603  |     13.37      6.25       -0.20      0.11
  586 | B:LEU 604  |      5.09      4.35        0.06     -0.07
  587 | B:HIS 605  |    113.22    101.62        0.03      0.13
  588 | B:ILE 606  |     51.03     48.31        0.81     -0.77
  589 | B:PRO 607  |     20.97     15.96        0.34     -0.26
  590 | B:GLU 608  |     13.31      0.00        0.11      0.00
  591 | B:VAL 609  |      9.05      0.00        0.14      0.00
  592 | B:CYS 610  |     69.19     65.32        1.52     -1.50
  593 | B:LEU 611  |     33.73      8.50        0.18     -0.08
  594 | B:LYS 612  |      0.00      0.00        0.00      0.00
  595 | B:TRP 613  |    102.71     84.26        0.98     -0.99
  596 | B:GLU 614  |    156.33     17.00       -0.43      0.11
  597 | B:LEU 615  |     71.92      0.00        1.10      0.00
  598 | B:MET 616  |     14.14      0.00       -0.15      0.00
  599 | B:ASP 617  |      9.94      0.00       -0.12      0.00
  600 | B:GLU 618  |    133.12      4.11        0.14      0.05
  601 | B:ASP 619  |     72.37     13.61        0.12     -0.18
  602 | B:TYR 620  |     15.74     10.28        0.25     -0.16
  603 | B:GLN 621  |     40.03     14.65       -0.59      0.24
  604 | B:GLY 622  |     40.59     40.43        0.48     -0.48
  605 | B:ARG 623  |    159.67    113.62       -1.52      0.04
  606 | B:LEU 624  |      4.12      4.12        0.05     -0.05
  607 | B:CYS 625  |     38.10     36.79        0.29     -0.30
  608 | B:ASN 626  |     62.60     53.82       -0.64      0.53
  609 | B:PRO 627  |    109.42     77.01        1.38     -1.22
  610 | B:LEU 628  |    150.53     46.11        1.94     -0.27
  611 | B:ASN 629  |     19.32     12.70        0.07     -0.15
  612 | B:PRO 630  |    121.09    119.36        1.18     -1.15
  613 | B:PHE 631  |    106.37    106.37        1.54     -1.54
  614 | B:VAL 632  |     44.25      1.66        0.21      0.01
  615 | B:SER 633  |     50.86     22.86        0.35     -0.34
  616 | B:HIS 634  |     90.28     26.78        0.27     -0.25
  617 | B:LYS 635  |    106.12     21.97       -0.08     -0.05
  618 | B:GLU 636  |     71.59     60.26       -0.13      0.19
  619 | B:ILE 637  |     99.75     63.28        1.33     -0.92
  620 | B:GLU 638  |     76.10      6.99        0.17      0.08
  621 | B:SER 639  |     64.43      0.00        0.53      0.00
  622 | B:VAL 640  |     44.62     41.00        0.63     -0.66
  623 | B:ASN 641  |     49.57     41.33       -0.22      0.09
  624 | B:ASN 642  |     59.94      2.46       -0.54      0.03
  625 | B:ALA 643  |      9.21      0.00        0.15      0.00
  626 | B:VAL 644  |    176.16     21.27        1.75     -0.19
  627 | B:ASN 654  |    145.31      0.00       -0.77      0.00
  628 | B:MET 655  |     52.62      0.00        1.01      0.00
  629 | B:GLU 656  |    139.97     45.98       -0.43      0.41
  630 | B:TYR 657  |     18.74      0.00       -0.10      0.00
  631 | B:ASP 658  |     80.43     39.84        0.29     -0.08
  632 | B:ALA 659  |     22.59     17.28       -0.10      0.18
  633 | B:VAL 660  |     46.77     41.85        0.68     -0.67
  634 | B:ALA 661  |     58.76     44.72        0.38     -0.23
  635 | B:THR 662  |      1.99      0.00        0.01      0.00
  636 | B:THR 663  |     32.38     32.38        0.29     -0.29
  637 | B:HIS 664  |     10.04      7.58       -0.01     -0.29
  638 | B:SER 665  |     15.41      0.00        0.10      0.00
  639 | B:TRP 666  |     69.69     67.08        0.83     -0.86
  640 | B:ILE 667  |    104.82     37.38        1.12     -0.04
  641 | B:PRO 668  |     69.49     34.66        0.94     -0.46
  642 | B:LYS 669  |    175.44    134.16       -0.09     -0.48
  643 | B:ARG 670  |    165.55    105.74       -0.75      0.50
  644 | B:ASN 671  |    132.64    117.35       -0.58      0.69
  645 | B:ARG 672  |    171.37    130.98       -1.85      0.93
  646 | B:SER 673  |     56.60     56.60        0.02      0.03
  647 | B:ILE 674  |     66.52     52.21        1.06     -0.84
  648 | B:LEU 675  |     71.30     28.30        0.91     -0.45
  649 | B:ASN 676  |    128.65    112.35       -0.81      1.06
  650 | B:THR 677  |     56.18     26.92        0.89     -0.43
  651 | B:SER 678  |     49.67      0.00       -0.34      0.00
  652 | B:GLN 679  |     40.08      0.00       -0.26      0.00
  653 | B:ARG 680  |     66.17      0.00       -0.64      0.00
  654 | B:GLY 681  |     27.26      0.00        0.39      0.00
  655 | B:ILE 682  |     57.16     42.01        0.90     -0.67
  656 | B:LEU 683  |     58.52     40.75        0.87     -0.59
  657 | B:GLU 684  |    119.29      2.39       -0.40     -0.04
  658 | B:ASP 685  |     77.58     27.30       -0.62     -0.02
  659 | B:GLU 686  |     55.03     51.57        0.20     -0.35
  660 | B:GLN 687  |    108.68     59.61       -0.31     -0.20
  661 | B:MET 688  |    111.98     62.61        2.62     -1.29
  662 | B:TYR 689  |    132.87     99.98        1.17     -1.44
  663 | B:GLN 690  |     93.11     39.69       -0.03      0.28
  664 | B:LYS 691  |    113.46     32.02       -0.34      0.20
  665 | B:CYS 692  |     62.27     62.11        2.39     -2.38
  666 | B:CYS 693  |     65.02     55.70        1.98     -1.89
  667 | B:ASN 694  |     83.27      0.00       -0.40      0.00
  668 | B:LEU 695  |     87.00     81.95        1.37     -1.31
  669 | B:PHE 696  |     29.00     26.81        0.46     -0.43
  670 | B:GLU 697  |     82.07      5.03       -0.79      0.06
  671 | B:LYS 698  |    167.93     40.43       -0.34      0.33
  672 | B:PHE 699  |     67.86     67.86        1.01     -1.01
  673 | B:PHE 700  |     56.38     43.92        0.90     -0.70
  674 | B:PRO 701  |     98.57     33.75        1.25     -0.40
  675 | B:SER 702  |     68.31     57.26        0.21     -0.31
  676 | B:SER 703  |     25.14     16.73       -0.25      0.19
  677 | B:SER 704  |     42.63     30.84        0.14     -0.20
  678 | B:TYR 705  |    159.01    149.28        1.10     -1.15
  679 | B:ARG 706  |    168.16     96.91       -1.89      1.91
  680 | B:ARG 707  |     67.26     19.36       -0.11     -0.15
  681 | B:PRO 708  |     74.65     53.28        0.66     -0.41
  682 | B:VAL 709  |    106.07     64.15        0.98     -0.38
  683 | B:GLY 710  |     57.59     46.73        0.44     -0.32
  684 | B:ILE 711  |    129.87    116.75        1.51     -1.40
  685 | B:SER 712  |     72.25     62.16       -0.30      0.26
  686 | B:SER 713  |     61.48     35.56        0.77     -0.53
  687 | B:MET 714  |    102.56    102.56        1.64     -1.64
  688 | B:VAL 715  |     43.79     43.62        0.70     -0.69
  689 | B:GLU 716  |     70.09     15.47       -0.70      0.06
  690 | B:ALA 717  |     22.58     18.06        0.33     -0.26
  691 | B:MET 718  |     18.91     18.91        0.59     -0.59
  692 | B:VAL 719  |      9.05      8.21        0.14     -0.13
  693 | B:SER 720  |     54.02     28.59        0.28     -0.43
  694 | B:ARG 721  |     84.08     74.73       -1.46      1.27
  695 | B:ALA 722  |     16.26     10.90        0.21     -0.17
  696 | B:ARG 723  |     58.40      0.00       -0.13      0.00
  697 | B:ILE 724  |    102.31     81.92        1.64     -1.31
  698 | B:ASP 725  |     51.90     21.92        0.00      0.04
  699 | B:ALA 726  |      5.00      0.00        0.06      0.00
  700 | B:ARG 727  |    132.83    116.00       -2.26      1.78
  701 | B:ILE 728  |    102.58     74.96        1.63     -1.19
  702 | B:ASP 729  |     53.44      0.00       -0.58      0.00
  703 | B:PHE 730  |     93.82     25.46        1.11     -0.41
  704 | B:GLU 731  |    126.67     61.55       -0.73      0.55
  705 | B:SER 732  |     92.47     15.48        0.41     -0.12
  706 | B:GLY 733  |     52.90      0.00        0.18      0.00
  707 | B:ARG 734  |    171.96      0.00       -0.69      0.00
  708 | B:ILE 735  |     29.07      4.35        0.36     -0.07
  709 | B:LYS 736  |     97.54      0.00        1.00      0.00
  710 | B:LYS 737  |    131.87     12.93       -0.29     -0.21
  711 | B:GLU 738  |     79.16      0.00       -0.46      0.00
  712 | B:GLU 739  |     47.06     12.72       -0.19     -0.06
  713 | B:PHE 740  |     49.84     44.21        0.80     -0.71
  714 | B:ALA 741  |     54.91     17.91        0.81     -0.27
  715 | B:GLU 742  |    102.55     29.11       -0.38     -0.02
  716 | B:ILE 743  |     66.20     53.64        1.06     -0.86
  717 | B:MET 744  |     52.32     11.16        1.15     -0.19
  718 | B:LYS 745  |    116.14      0.00        1.61      0.00
  719 | B:ILE 746  |     91.36     63.40        1.46     -1.01
  720 | B:CYS 747  |      9.16      9.16        0.37     -0.37
  721 | B:SER 748  |     40.15      0.00        0.58      0.00
  722 | B:THR 749  |     59.59     11.22        0.70     -0.18
  723 | B:ILE 750  |     58.71     58.71        0.93     -0.93
  724 | B:GLU 751  |     26.07      0.00        0.33      0.00
  725 | B:GLU 752  |    115.28      0.00       -0.34      0.00
  726 | B:LEU 753  |    116.22     72.46        1.64     -0.96
  727 | B:ARG 754  |     93.04     45.35       -0.81     -0.10
  728 | B:ARG 755  |    174.73     20.17       -1.85      0.49
  729 | B:GLN 756  |    166.65     13.38        0.08      0.05
